f: 5050.7461388987895
f_B: 0.02207158859485435
max_Bn: 0.022898083011330277
avg_Bn: 0.004314972274373864
f_L: 80.96229245483104
L_values: 25.8, 27.5, 27.6
f_CC: 0
min_CC: 3.9769988262842215
f_K: 675.6669952344201
K_values: 74.0, 6.2, 26.2
f_MSC: 127.97460160170004
MSC_values: 5.3, 0.7, 1.6
f_Arc: 30.60925819581746
Arc_values: 1.22e+01, 6.72e+00, 6.63e+00
