f: 4.440365672777079
f_B: 4.352616584151762
max_Bn: 0.0038928837215117234
avg_Bn: 0.0010714959882970416
f_L: 0.015192763322992488
L_values: 50.6, 50.6, 50.7
f_CC: 0
min_CC: 4.1051850312988805
f_K: 0.0011802092929960367
K_values: 2.1, 2.1, 2.1
f_MSC: 0.008649345236952547
MSC_values: 0.9, 0.7, 0.7
f_Arc: 8.156862007399599e-05
Arc_values: 4.23e+00, 1.88e+01, 1.02e+01
