f: 0.7334888991620628
f_B: 0.0066733955294142845
max_Bn: 0.029242592113734825
avg_Bn: 0.008074033100925228
f_L: 0.0
L_values: 9.2, 9.6, 10.4, 11.0
f_CC: 0.0027770670683694063
min_CC: 0.1934522833832987
f_K: 1.3291809373980935e-05
K_values: 2.6, 2.4, 2.3, 2.7
f_MSC: 0.011065175730317713
MSC_values: 1.3, 1.3, 1.3, 1.3
f_Arc: 9.174326692995583e-07
Arc_values: 2.12e+00, 2.45e+00, 2.35e+00, 1.08e+01
