nphi: 32
ntheta: 64
ncoils: 4
order: 12
R0: 14.64198537621929
R1: 5.193155960346552
LENGTH_WEIGHT: 1
LENGTH_THRESHOLD: 36
CC_THRESHOLD: 1.0
CC_WEIGHT: 100
CURVATURE_THRESHOLD: 33
CURVATURE_WEIGHT: 0.1
MSC_THRESHOLD: 3.5
MSC_WEIGHT: 0.1
ARCLENGTH_WEIGHT: 3e-05
tolerance: 1e-20
