f: 21.168888313731237
f_B: 12.200789534406429
max_Bn: 0.017772209741239893
avg_Bn: 0.0034351123303911274
f_L: 147.17960606189868
L_values: 36.6, 35.7, 36.6, 38.3
f_CC: 5.320063487084724
min_CC: 0.7913338250409208
f_K: 0.25546579324174207
K_values: 26.4, 47.9, 34.5, 20.9
f_MSC: 0.29705285471737086
MSC_values: 4.1, 5.7, 4.1, 3.0
f_Arc: 0.08719416262332895
Arc_values: 5.27e+01, 7.00e+01, 3.84e+01, 4.47e+01
