f: 7.370667914639295
f_B: 6.759838173404101
max_Bn: 0.018784202504957267
avg_Bn: 0.0025250905460493765
f_L: 145.26082846046407
L_values: 36.1, 36.3, 36.4, 36.4
f_CC: 0.316246192737036
min_CC: 0.749225143063706
f_K: 0.0
K_values: 25.7, 28.8, 27.7, 19.2
f_MSC: 0.03550628708795479
MSC_values: 4.2, 4.0, 3.5, 3.7
f_Arc: 0.0380127139068198
Arc_values: 9.59e+01, 5.31e+01, 3.61e+01, 5.33e+01
