nphi: 42
ntheta: 50
ncoils: 4
order: 12
R0: 15.64198537621929
R1: 1.697
LENGTH_WEIGHT: 1e-06
LENGTH_THRESHOLD: 40
CC_THRESHOLD: 1.5727272727272728
CC_WEIGHT: 10
CURVATURE_THRESHOLD: 2.0346820809248554
CURVATURE_WEIGHT: 0.1
MSC_THRESHOLD: 1.5
MSC_WEIGHT: 0.1
ARCLENGTH_WEIGHT: 3e-08
tolerance: 1e-20
