f: 0.7453886254312879
f_B: 0.7138390205952396
max_Bn: 0.005141303284677361
avg_Bn: 0.00087494307357611
f_L: 0.0001599813380934278
L_values: 40.0, 40.0, 40.0, 40.0
f_CC: 4.8526420819033695e-06
min_CC: 1.570786841472073
f_K: 0.021398580719658517
K_values: 2.6, 2.4, 2.5, 2.4
f_MSC: 0.009869250387634804
MSC_values: 1.4, 1.3, 1.2, 1.3
f_Arc: 3.714462376464962e-05
Arc_values: 5.32e+00, 7.33e+00, 1.09e+01, 4.58e+00
