f: 3.0012934048754256
f_B: 2.8675645580050704
max_Bn: 0.004215044707752707
avg_Bn: 0.0008489631418027947
f_L: 0.02105115749953495
L_values: 70.2, 70.2, 70.1
f_CC: 0.030644220196703507
min_CC: 1.5174700322896106
f_K: 0.06853924044658932
K_values: 2.5, 2.1, 2.1
f_MSC: 0.008768724657654074
MSC_values: 0.8, 0.8, 0.6
f_Arc: 0.00015143755911046187
Arc_values: 1.16e+01, 9.72e+00, 4.90e+00
