nphi: 32
ntheta: 55
ncoils: 3
order: 14
R0: 15.76893895634268
R1: 8.65
LENGTH_WEIGHT: 1e-08
LENGTH_THRESHOLD: 117.95454545454545
CC_THRESHOLD: 1.5727272727272728
CC_WEIGHT: 10
CURVATURE_THRESHOLD: 2.0346820809248554
CURVATURE_WEIGHT: 0.0001
MSC_THRESHOLD: 0.12937284907614688
MSC_WEIGHT: 0.0001
ARCLENGTH_WEIGHT: 5e-05
tolerance: 1e-20
