f: 0.08502602385998376
f_B: 0.031320315236659964
max_Bn: 0.00043256226035372236
avg_Bn: 8.097616142322915e-05
f_L: 3.539002507329696e-06
L_values: 118.0, 118.0, 118.0
f_CC: 1.0020854445589615e-05
min_CC: 1.5718578444508484
f_K: 0.0004068513277919299
K_values: 6.6, 1.1, 4.6
f_MSC: 1.6475341324928299e-06
MSC_values: 0.3, 0.1, 0.2
f_Arc: 0.05325418756463071
Arc_values: 3.82e+00, 9.35e-01, 3.84e+00
