nphi: 42
ntheta: 50
ncoils: 4
order: 16
R0: 15.64198537621929
R1: 1.697
LENGTH_WEIGHT: 1e-07
LENGTH_THRESHOLD: 54
CC_THRESHOLD: 1.5727272727272728
CC_WEIGHT: 100
CURVATURE_THRESHOLD: 2.0346820809248554
CURVATURE_WEIGHT: 50
MSC_THRESHOLD: 1.5
MSC_WEIGHT: 0.01
ARCLENGTH_WEIGHT: 5e-08
tolerance: 1e-20
