f: 5.019696089970716
f_B: 3.561768351690945
max_Bn: 0.006457903733152831
avg_Bn: 0.001985075912290449
f_L: 2.0552292439038553e-05
L_values: 51.3, 50.9, 51.6, 51.7
f_CC: 0.03666123621499179
min_CC: 1.5579617328358784
f_K: 0.02360470178582353
K_values: 2.1, 2.2, 2.1, 2.0
f_MSC: 0.003691845023137621
MSC_values: 1.1, 1.0, 1.2, 1.0
f_Arc: 9.385762384441064e-05
Arc_values: 8.69e+01, 1.65e+02, 4.41e+01, 7.77e+00
