f: 12008.290351008787
f_B: 0.025280376077939204
max_Bn: 0.05909219499412099
avg_Bn: 0.015127210932060143
f_L: 0.0
L_values: 7.6, 7.0, 6.8, 6.6
f_CC: 0
min_CC: 0.2910484187808466
f_K: 0.15846686004353167
K_values: 2.0, 2.1, 2.2, 2.1
f_MSC: 22.58968804280548
MSC_values: 1.5, 1.5, 1.5, 1.5
f_Arc: 0.0002622422050654777
Arc_values: 4.50e+00, 1.51e+00, 6.36e-01, 3.91e-01
