nphi: 42
ntheta: 50
ncoils: 3
order: 16
R0: 15.76893895634268
R1: 2.207
LENGTH_WEIGHT: 0.0001
LENGTH_THRESHOLD: 40
CC_THRESHOLD: 1.5727272727272728
CC_WEIGHT: 10
CURVATURE_THRESHOLD: 2.0346820809248554
CURVATURE_WEIGHT: 0.1
MSC_THRESHOLD: 1.5
MSC_WEIGHT: 0.01
ARCLENGTH_WEIGHT: 5e-08
tolerance: 1e-20
