f: 6.801470055524147
f_B: 6.654761008176512
max_Bn: 0.0049339434454129475
avg_Bn: 0.001330970429499832
f_L: 0.012261344144981784
L_values: 40.7, 40.9, 41.0
f_CC: 0
min_CC: 4.633861682831673
f_K: 0.007434116536783612
K_values: 2.8, 2.3, 2.4
f_MSC: 0.010151766159315715
MSC_values: 0.8, 0.6, 0.6
f_Arc: 6.712297823800002e-05
Arc_values: 8.98e+00, 5.29e+01, 2.09e+01
