f: 3.132954209395697
f_B: 0.84007964865037
max_Bn: 0.004096919862663941
avg_Bn: 0.0010068091102462702
f_L: 146.90120427230426
L_values: 36.7, 36.6, 36.7, 36.9
f_CC: 0
min_CC: 1.3358976778054175
f_K: 0.010892510457224837
K_values: 35.0, 33.0, 18.2, 1.0
f_MSC: 1.1951246757694995
MSC_values: 2.0, 2.0, 0.7, 0.1
f_Arc: 0.00490548660545475
Arc_values: 1.29e+01, 8.57e+00, 7.55e+00, 1.09e+00
