nphi: 32
ntheta: 64
ncoils: 4
order: 16
R0: 15.64198537621929
R1: 3.000155960346552
LENGTH_WEIGHT: 1000
LENGTH_THRESHOLD: 30
CC_THRESHOLD: 1.0
CC_WEIGHT: 10000
CURVATURE_THRESHOLD: 2.6
CURVATURE_WEIGHT: 10000000
MSC_THRESHOLD: 1.0
MSC_WEIGHT: 1000
ARCLENGTH_WEIGHT: 0.0003
tolerance: 1e-20
