f: 179304.54708323852
f_B: 15.151512418501092
max_Bn: 0.01806114608825352
avg_Bn: 0.0043161467126722995
f_L: 82527.94477204236
L_values: 20.3, 20.5, 20.9, 20.8
f_CC: 0
min_CC: 2.400653152087702
f_K: 2728.627461684689
K_values: 2.7, 2.6, 2.5, 2.5
f_MSC: 920.2686606553964
MSC_values: 0.3, 0.3, 0.3, 0.5
f_Arc: 0.07114223668049906
Arc_values: 6.31e+00, 4.07e+00, 3.80e+00, 4.47e+00
