f: 125709590.41148612
f_B: 1.5816119320452435
max_Bn: 0.04442699316612287
avg_Bn: 0.013419328036177354
f_L: 0.0
L_values: 8.1, 7.6, 7.3
f_CC: 0
min_CC: 0.8511444483512133
f_K: 125709379.68962781
K_values: 8.4, 9.2, 5.9
f_MSC: 45940.17830313787
MSC_values: 7.0, 5.4, 2.6
f_Arc: 0.0006864457200538792
Arc_values: 8.59e+00, 2.82e+00, 2.91e+00
