f: 3.603821320710841
f_B: 2.4835475982933013
max_Bn: 0.005746128681286352
avg_Bn: 0.0016399517819927255
f_L: 2.0696519926283326e-06
L_values: 51.7, 51.0, 52.3, 51.9
f_CC: 0.037688680309107776
min_CC: 1.5571461467667118
f_K: 0.012761464340314914
K_values: 2.1, 2.1, 2.0, 2.0
f_MSC: 0.003140916843047113
MSC_values: 1.1, 1.0, 1.2, 1.1
f_Arc: 8.675493983630653e-05
Arc_values: 8.80e+01, 2.82e+02, 3.23e+01, 5.03e+00
