f: 2.3086392931480325e+18
f_B: 1.230601702569875
max_Bn: 0.058617758877259264
avg_Bn: 0.015580201116951077
f_L: 0.0
L_values: 7.4, 7.0, 6.8, 6.7
f_CC: 0
min_CC: 0.5646634284655104
f_K: 4199675243722671.0
K_values: 3.2, 2.8, 2.7, 2.3
f_MSC: 2.3044396179042977e+18
MSC_values: 2.0, 1.8, 1.8, 1.8
f_Arc: 0.00022438641040598093
Arc_values: 3.56e+00, 1.49e+00, 6.34e-01, 3.90e-01
