f: 0.5663454361998747
f_B: 0.0054937602784315915
max_Bn: 0.027634525703011906
avg_Bn: 0.007176731461609153
f_L: 0.0
L_values: 9.8, 10.1, 11.1, 11.5
f_CC: 0.001546801304341248
min_CC: 0.19520725232205488
f_K: 0.0005289696895359257
K_values: 2.7, 2.7, 2.7, 2.8
f_MSC: 0.009855008488454813
MSC_values: 1.6, 1.6, 1.6, 1.6
f_Arc: 1.2983212623578644e-06
Arc_values: 4.47e+00, 3.59e+00, 2.84e+00, 1.06e+01
