f: 2.3697536145936215
f_B: 2.320829746423173
max_Bn: 0.003842731849724136
avg_Bn: 0.0007697703528215201
f_L: 2.165010539489795e-05
L_values: 72.4, 72.0, 72.1
f_CC: 0
min_CC: 1.6247200226722045
f_K: 0.029490690673039614
K_values: 2.4, 2.1, 2.2
f_MSC: 0.011065451096465666
MSC_values: 0.6, 0.6, 0.6
f_Arc: 0.00015761162922736476
Arc_values: 2.39e+02, 7.71e+00, 4.64e+00
